>D
3
>states
0
H
1
H:L H:E H:R H:P H:e
2
L:I L:e E:M E:N E:I E:e R:M R:N R:I R:e P:M P:N P:I P:e
>alphabet
A-
C-
U-
G-
AA
CC
UU
GG
AC
AG
CU
AU
GC
GU
>init
H
-1.6094379124341003 -1.6094379124341003 -1.6094379124341003 -1.6094379124341003 -1.6094379124341003
L
-0.6931471805599453 -0.6931471805599453
E
-1.3862943611198906 -1.3862943611198906 -1.3862943611198906 -1.3862943611198906
R
-1.0986122886681098 -1.0986122886681098 -1.0986122886681098 NaN
P
-1.3862943611198906 -1.3862943611198906 -1.3862943611198906 -1.3862943611198906
>trans
H
NaN -0.6931471805599453 -0.6931471805599453 NaN NaN
NaN NaN NaN NaN NaN
NaN NaN NaN -0.6931471805599453 -0.6931471805599453
NaN NaN NaN NaN NaN
NaN NaN NaN NaN NaN
L
NaN NaN
NaN NaN
E
-1.3862943611198906 -1.3862943611198906 -1.3862943611198906 -1.3862943611198906
-1.3862943611198906 -1.3862943611198906 -1.3862943611198906 -1.3862943611198906
-1.3862943611198906 -1.3862943611198906 -1.3862943611198906 -1.3862943611198906
NaN NaN NaN NaN
R
-1.3862943611198906 -1.3862943611198906 -1.3862943611198906 -1.3862943611198906
-1.3862943611198906 -1.3862943611198906 -1.3862943611198906 -1.3862943611198906
-1.3862943611198906 -1.3862943611198906 -1.3862943611198906 -1.3862943611198906
NaN NaN NaN NaN
P
-1.3862943611198906 -1.3862943611198906 -1.3862943611198906 -1.3862943611198906
-1.3862943611198906 -1.3862943611198906 -1.3862943611198906 -1.3862943611198906
-1.3862943611198906 -1.3862943611198906 -1.3862943611198906 -1.3862943611198906
NaN NaN NaN NaN
>emit
L:I
-1.3862943611198906 -1.3862943611198906 -1.3862943611198906 -1.3862943611198906 NaN NaN NaN NaN NaN NaN NaN NaN NaN NaN
L:e
NaN NaN NaN NaN NaN NaN NaN NaN NaN NaN NaN NaN NaN NaN
E:M
NaN NaN NaN NaN NaN NaN NaN NaN NaN NaN NaN -1.0986122886681098 -1.0986122886681098 -1.0986122886681098
E:N
NaN NaN NaN NaN -1.9459101490553135 -1.9459101490553135 -1.9459101490553135 -1.9459101490553135 -1.9459101490553135 -1.9459101490553135 -1.9459101490553135 NaN NaN NaN
E:I
-1.3862943611198906 -1.3862943611198906 -1.3862943611198906 -1.3862943611198906 NaN NaN NaN NaN NaN NaN NaN NaN NaN NaN
E:e
NaN NaN NaN NaN NaN NaN NaN NaN NaN NaN NaN NaN NaN NaN
R:M
NaN NaN NaN NaN NaN NaN NaN NaN NaN NaN NaN -1.0986122886681098 -1.0986122886681098 -1.0986122886681098
R:N
NaN NaN NaN NaN -1.9459101490553135 -1.9459101490553135 -1.9459101490553135 -1.9459101490553135 -1.9459101490553135 -1.9459101490553135 -1.9459101490553135 NaN NaN NaN
R:I
-1.3862943611198906 -1.3862943611198906 -1.3862943611198906 -1.3862943611198906 NaN NaN NaN NaN NaN NaN NaN NaN NaN NaN
R:e
NaN NaN NaN NaN NaN NaN NaN NaN NaN NaN NaN NaN NaN NaN
P:M
NaN NaN NaN NaN NaN NaN NaN NaN NaN NaN NaN -1.0986122886681098 -1.0986122886681098 -1.0986122886681098
P:N
NaN NaN NaN NaN -1.9459101490553135 -1.9459101490553135 -1.9459101490553135 -1.9459101490553135 -1.9459101490553135 -1.9459101490553135 -1.9459101490553135 NaN NaN NaN
P:I
-1.3862943611198906 -1.3862943611198906 -1.3862943611198906 -1.3862943611198906 NaN NaN NaN NaN NaN NaN NaN NaN NaN NaN
P:e
NaN NaN NaN NaN NaN NaN NaN NaN NaN NaN NaN NaN NaN NaN
