>D
3
>states
0
H
1
H:L H:E H:R H:P H:e
2
L:I L:e E:M E:N E:I E:e R:M R:N R:I R:e P:M P:N P:I P:e
>alphabet
A-
C-
U-
G-
AA
CC
UU
GG
AC
AG
CU
AU
GC
GU
>init
H
0.0 NaN NaN NaN NaN
L
0.0 NaN
E
-0.004926118336055829 -6.008813185442595 -6.008813185442595 NaN
R
-0.12361395596717628 -3.761200115693562 -2.3749057545736716 NaN
P
-0.2829539312558351 -1.754545872887621 -2.6110181095508658 NaN
>trans
H
-6.06842558824411 -0.06453852113757108 -2.890371757896164 -6.06842558824411 -6.06842558824411
-6.013715156042801 -6.013715156042801 -0.009828088936262525 -6.013715156042801 -6.013715156042801
-6.06842558824411 -6.06842558824411 -6.06842558824411 -0.028170876966695957 -3.8712010109078903
-6.049733455231958 -6.049733455231958 -6.049733455231958 -6.049733455231958 -0.009478743954543845
NaN NaN NaN NaN NaN
L
-0.15566749144359537 -1.9368572791819627
NaN NaN
E
-0.5309208626224153 -1.930234936950609 -2.296169206302139 -1.7946894449543853
-0.9543181274633943 -1.3714792753347496 -1.6552474484653947 -1.771079263990516
-0.9303096530534853 -6.066108090103747 -0.7982499310404192 -1.8764533480773222
NaN NaN NaN NaN
R
-0.1987089895309193 -2.2701365773809687 -3.136490355969185 -3.396850898569773
-0.47239692915157594 -1.817997099444912 -2.480930501408361 -2.036549977050523
-0.4668879207345711 -6.558197802812269 -1.111460431145959 -3.1570004211501135
NaN NaN NaN NaN
P
-0.2950456402205184 -1.8703677994144474 -3.2628927102849747 -2.7621174223724854
-0.705778927465845 -1.390487239379925 -2.3301584198981438 -1.8323199916589648
-0.5360370431124863 -6.1779441140506 -0.889677083356065 -6.1779441140506
NaN NaN NaN NaN
>emit
L:I
-1.195267635098606 -1.6837140365976353 -1.107504163490109 -1.7075388680791237 NaN NaN NaN NaN NaN NaN NaN NaN NaN NaN
L:e
NaN NaN NaN NaN NaN NaN NaN NaN NaN NaN NaN NaN NaN NaN
E:M
NaN NaN NaN NaN NaN NaN NaN NaN NaN NaN NaN -0.856405018927008 -0.8167630274725184 -2.0139962515849987
E:N
NaN NaN NaN NaN -2.2317337897068388 -2.6761749925717613 -1.8527808214440302 -2.475215279766558 -1.5597050865036453 -1.7827185057336061 -1.5871474418166391 NaN NaN NaN
E:I
-1.1952296188796492 -1.6837897675420326 -1.1074509726537247 -1.7076216967555649 NaN NaN NaN NaN NaN NaN NaN NaN NaN NaN
E:e
NaN NaN NaN NaN NaN NaN NaN NaN NaN NaN NaN NaN NaN NaN
R:M
NaN NaN NaN NaN NaN NaN NaN NaN NaN NaN NaN -0.856405018927008 -0.8167630274725184 -2.0139962515849987
R:N
NaN NaN NaN NaN -2.2317337897068388 -2.6761749925717613 -1.8527808214440302 -2.475215279766558 -1.5597050865036453 -1.7827185057336061 -1.5871474418166391 NaN NaN NaN
R:I
-1.1952296188796492 -1.6837897675420326 -1.1074509726537247 -1.7076216967555649 NaN NaN NaN NaN NaN NaN NaN NaN NaN NaN
R:e
NaN NaN NaN NaN NaN NaN NaN NaN NaN NaN NaN NaN NaN NaN
P:M
NaN NaN NaN NaN NaN NaN NaN NaN NaN NaN NaN -0.856405018927008 -0.8167630274725184 -2.0139962515849987
P:N
NaN NaN NaN NaN -2.2317337897068388 -2.6761749925717613 -1.8527808214440302 -2.475215279766558 -1.5597050865036453 -1.7827185057336061 -1.5871474418166391 NaN NaN NaN
P:I
-1.1952296188796492 -1.6837897675420326 -1.1074509726537247 -1.7076216967555649 NaN NaN NaN NaN NaN NaN NaN NaN NaN NaN
P:e
NaN NaN NaN NaN NaN NaN NaN NaN NaN NaN NaN NaN NaN NaN
